-1
521
533
545
557
-1
-99
-1
-99
-1
-99
-1
-99
-1
531
543
555
-1
36
486
497
508
518
528
538
548
557
567
577
-1
30
42
55
67
79
91
103
116
477
488
499
509
518
527
535
543
551
559
567
576
585
595
-1
19
30
41
51
61
71
81
91
101
111
121
131
142
153
165
302
313
324
334
344
353
362
371
380
389
399
410
422
469
480
490
499
508
516
524
531
538
544
550
556
562
568
575
582
589
597
606
617
-1
10
21
31
41
50
59
68
77
85
93
101
109
117
125
132
139
146
154
162
170
179
188
197
206
215
225
235
246
257
269
281
292
303
313
322
330
338
346
353
360
367
374
381
388
395
403
411
420
429
439
450
461
471
479
486
493
500
507
513
519
525
531
536
541
545
550
554
559
563
568
572
577
582
587
593
599
606
614
624
-1
1
9
16
22
28
34
40
45
51
57
63
69
75
81
87
93
99
105
111
117
123
129
136
143
150
157
164
172
180
188
196
204
212
220
228
236
244
252
260
269
278
287
296
304
311
318
324
330
336
342
348
354
359
365
370
376
381
386
392
397
403
409
415
421
428
435
443
451
460
469
477
484
491
497
503
509
515
521
527
532
537
541
545
549
553
557
561
565
569
573
577
581
586
590
595
600
606
612
619
627
637
-1
1
11
19
26
33
39
45
51
57
63
69
75
81
87
93
99
105
111
117
123
129
134
139
144
149
155
160
166
172
178
185
192
199
206
213
220
227
234
241
248
255
263
271
279
287
295
303
310
317
323
329
335
341
347
352
358
363
368
373
378
383
388
393
398
404
409
415
421
427
434
441
449
458
467
475
483
491
498
505
512
519
526
532
538
543
548
553
558
563
568
573
578
583
588
594
600
607
614
622
631
-1
1
9
16
22
28
33
38
43
48
53
58
63
68
74
79
85
90
96
101
107
112
118
123
129
134
140
145
151
157
163
169
175
181
188
195
202
209
216
223
230
237
244
251
259
267
276
285
294
302
310
317
324
331
337
343
349
355
361
367
373
379
385
391
397
404
411
418
426
435
445
456
467
478
488
497
505
513
520
527
534
541
548
555
562
569
575
582
588
595
602
609
617
626
637
-1
1
10
18
24
30
36
42
47
53
59
65
71
77
83
89
95
101
107
113
119
125
131
137
143
149
155
162
169
176
183
191
199
207
215
223
231
240
249
258
268
278
289
299
309
319
328
337
345
353
361
369
377
385
394
403
413
425
471
482
492
502
511
520
528
536
544
552
560
568
576
584
592
601
611
624
-1
2
12
21
29
36
43
50
57
64
71
78
85
92
99
106
113
120
128
136
144
152
161
170
180
190
201
212
223
235
248
339
352
364
376
497
509
520
530
540
550
560
570
581
-1
1
11
19
27
34
41
48
55
62
69
76
83
90
97
104
111
119
127
135
143
151
160
169
178
188
198
209
220
231
243
257
309
321
333
345
509
520
530
540
550
560
570
581
595
-1
2
12
21
29
36
43
50
57
64
71
78
85
92
99
106
114
122
130
138
146
155
164
173
182
191
201
211
221
231
241
251
261
271
281
291
302
313
324
335
345
355
365
375
385
396
497
508
517
526
535
544
553
562
572
582
595
-1
8
17
25
32
39
45
51
57
63
69
76
82
89
95
101
107
113
119
125
132
138
145
151
158
165
172
179
187
195
203
212
221
230
239
248
256
264
272
280
288
296
304
312
320
327
334
341
348
355
362
369
376
383
390
398
406
415
424
434
444
455
467
479
490
499
507
514
521
528
535
542
549
557
565
574
584
595
-1
1
10
18
25
32
38
44
50
56
62
68
73
79
84
90
95
100
105
110
115
120
125
130
135
141
146
152
158
164
170
176
182
188
195
201
208
215
222
229
236
243
250
257
264
271
278
284
290
296
302
308
313
319
324
329
334
339
344
349
354
359
364
369
375
380
386
392
398
404
411
418
425
433
441
449
457
466
475
484
492
499
506
512
519
525
532
539
546
553
561
569
578
587
597
-1
1
10
17
23
29
34
39
44
49
54
59
64
69
74
79
84
89
93
98
102
107
111
116
120
125
129
134
138
143
147
151
155
159
163
167
171
175
179
183
187
191
195
199
204
208
213
217
222
226
231
236
241
246
251
256
260
265
269
274
278
282
286
290
294
298
302
306
310
313
317
321
324
328
331
335
338
342
345
349
352
356
359
363
366
370
373
377
380
384
387
391
394
398
401
405
409
413
417
421
425
429
433
437
442
446
451
456
461
466
471
476
481
486
491
497
502
508
513
519
525
531
537
543
549
556
563
570
577
585
593
602
612
-1
1
6
12
17
22
26
31
34
39
42
46
50
54
57
61
64
68
71
75
78
81
85
88
91
94
97
100
103
106
109
112
115
118
121
124
127
130
133
136
139
142
144
148
150
153
156
158
161
164
167
169
172
175
178
180
184
186
189
192
195
198
201
204
207
210
213
216
219
222
225
228
232
235
238
242
245
249
252
256
259
263
266
270
273
276
280
283
286
290
293
296
299
302
305
308
311
314
317
320
323
326
329
332
335
338
341
343
347
349
352
355
358
361
363
367
369
372
375
378
380
383
386
388
391
394
396
399
402
405
407
411
413
417
419
423
426
429
432
435
438
441
445
447
451
454
458
461
465
468
472
476
479
484
487
492
496
500
505
509
514
518
523
527
532
536
541
546
551
556
561
566
572
578
584
590
597
604
612
621
631
-1
1
6
12
16
21
24
29
32
36
39
43
46
49
53
55
59
62
65
68
71
74
77
80
82
85
88
91
93
96
98
101
103
106
108
111
112
115
117
120
121
124
126
128
130
132
135
136
139
141
143
145
147
149
151
153
155
157
159
161
163
165
167
169
171
174
175
178
180
182
185
186
189
191
194
196
198
201
203
206
208
210
213
216
218
221
224
226
229
232
234
237
240
242
245
248
251
254
257
260
263
266
269
272
275
278
281
285
288
291
295
298
301
305
308
311
315
318
321
325
328
331
335
338
341
345
348
351
355
358
362
365
368
372
375
378
382
385
388
392
394
398
401
404
408
411
414
418
421
425
428
432
435
439
442
446
449
453
456
460
464
467
471
475
479
483
487
491
495
499
503
507
511
515
519
523
527
531
535
539
543
547
552
556
561
566
571
576
581
587
593
599
606
613
621
630
640
-1
1
9
15
21
25
30
34
38
42
45
49
52
55
59
61
65
68
71
74
77
80
83
86
89
92
95
98
101
103
106
109
111
114
117
119
122
124
127
129
132
134
137
139
142
144
146
149
151
153
156
158
160
163
165
167
170
172
174
177
179
181
184
186
188
191
193
196
198
201
203
206
208
211
213
216
218
221
224
226
229
232
234
237
240
242
245
248
250
254
256
259
262
265
268
271
275
277
281
284
288
291
295
298
302
305
309
313
317
321
325
329
333
337
341
345
349
353
357
361
365
369
372
376
380
383
387
390
394
397
401
404
408
411
415
418
422
425
429
432
436
439
443
446
450
453
457
460
464
468
472
476
480
484
488
492
496
500
504
508
512
516
520
524
528
532
536
540
544
548
553
557
562
567
572
577
583
589
595
602
609
617
626
637
-1
1
10
17
22
27
32
35
40
43
47
51
54
58
61
65
68
71
75
78
81
84
87
90
93
96
99
102
105
108
111
113
116
119
122
124
127
130
132
135
138
140
143
145
148
151
153
156
158
161
163
166
168
171
173
176
178
181
184
186
189
192
194
197
200
202
205
208
211
214
217
220
223
226
229
232
235
238
241
244
247
250
253
256
259
262
265
268
271
275
277
281
284
287
291
294
298
301
305
308
312
315
319
323
326
330
334
338
342
346
350
354
358
362
366
370
373
377
381
384
388
391
395
398
402
405
409
412
416
419
423
426
430
433
437
440
443
447
450
453
456
460
462
466
469
472
476
479
482
486
489
492
496
499
503
506
510
513
517
520
524
528
532
536
540
544
548
553
557
562
567
572
577
582
588
594
600
607
615
624
634
-1
1
10
16
22
27
32
36
40
44
48
52
56
60
63
67
71
74
78
82
85
89
93
97
101
105
109
112
116
120
123
127
130
134
137
141
144
147
151
153
157
160
163
166
169
172
175
178
181
184
187
190
193
196
199
202
205
208
211
214
217
220
223
226
229
232
235
238
241
244
247
250
253
256
259
262
265
268
271
274
277
280
284
286
290
293
296
300
303
306
310
313
317
320
324
327
331
334
338
341
345
348
352
355
358
362
365
368
372
374
378
381
384
387
390
393
396
399
401
404
407
409
412
415
418
421
424
427
430
433
436
439
442
445
448
451
453
457
459
462
465
468
470
474
476
479
482
485
488
491
494
497
500
503
506
509
513
516
519
523
526
530
533
537
540
544
547
551
554
558
562
566
570
574
578
582
587
591
596
601
607
613
620
628
638
-1
1
10
18
24
30
35
40
45
50
54
59
63
68
72
77
81
86
90
95
99
104
108
113
117
122
126
131
135
140
144
148
152
156
160
164
168
172
176
180
183
187
191
194
198
202
205
209
213
216
220
224
228
232
236
240
243
247
250
254
257
261
263
267
270
273
276
279
282
285
288
291
293
297
299
302
305
308
310
313
316
318
321
324
326
329
332
334
337
340
342
345
347
350
352
355
357
360
362
365
367
370
372
374
377
379
382
384
387
389
392
394
397
399
402
404
407
409
412
415
417
420
423
426
429
432
435
438
441
444
447
450
454
456
460
463
466
470
473
477
480
484
487
491
494
498
501
505
509
513
517
521
524
528
531
535
538
542
545
548
552
554
558
561
564
568
571
574
578
581
585
589
593
597
602
607
612
618
625
632
641
654
-1
3
13
21
28
34
40
46
51
57
62
67
72
77
81
86
90
95
99
103
107
111
115
119
123
127
131
135
139
143
147
151
155
159
163
167
171
174
178
181
185
188
192
195
199
202
206
209
213
216
220
223
227
230
234
237
241
243
247
250
253
256
259
262
265
268
271
273
276
279
281
284
286
289
291
294
296
299
301
304
306
309
311
313
316
318
320
323
325
327
330
332
334
336
339
340
342
345
346
349
350
353
354
357
358
361
362
365
366
369
370
372
374
376
378
380
382
384
386
388
390
392
394
396
398
400
403
405
407
409
412
414
417
419
422
425
427
430
433
436
439
442
446
448
453
456
460
464
468
472
476
481
485
490
495
500
505
510
515
520
524
529
533
537
541
545
549
552
555
559
561
565
567
571
573
576
579
582
585
588
592
595
599
603
607
611
616
621
627
633
640
648
658
-1
1
9
16
22
28
33
38
43
47
52
56
61
64
69
72
76
80
83
87
91
94
98
101
104
108
111
114
117
121
124
127
131
134
137
141
144
148
151
155
158
162
166
170
174
178
182
185
189
193
196
200
203
207
210
214
217
221
224
228
231
234
238
241
244
248
251
254
257
261
263
267
269
272
275
278
280
283
286
288
291
293
296
298
301
302
305
307
309
311
313
315
317
319
321
323
325
327
329
331
333
335
337
339
341
343
345
347
349
351
353
355
357
359
361
364
365
368
370
372
375
377
379
382
384
387
389
392
395
397
400
403
406
409
412
416
419
423
426
430
434
438
443
447
453
458
464
470
477
484
491
498
505
512
518
524
530
535
540
545
550
554
558
562
565
569
572
576
579
583
586
590
593
597
601
605
609
614
619
625
631
638
646
656
-1
1
7
12
17
22
26
31
34
38
41
44
48
51
53
57
60
62
65
68
70
73
75
78
80
83
85
88
90
93
95
98
100
103
106
108
111
114
116
119
122
124
127
130
133
135
139
141
145
147
151
154
157
161
164
168
171
175
178
182
185
189
192
196
199
202
206
209
212
216
219
222
225
228
231
234
237
240
243
246
249
252
255
258
261
264
267
270
272
275
278
280
283
286
288
291
294
296
299
302
304
307
309
312
314
317
319
322
325
327
330
333
335
338
341
344
346
349
352
355
358
361
364
367
370
374
377
381
384
388
392
396
400
404
408
413
417
422
427
433
439
446
453
461
469
478
487
496
504
512
520
527
534
541
547
553
559
564
570
575
580
585
590
595
600
606
612
619
627
636
647
-1
1
4
10
13
18
21
25
28
32
34
38
41
43
47
49
52
55
57
60
63
65
68
70
73
75
78
80
83
85
88
90
93
95
98
100
103
105
108
110
113
116
118
121
124
127
130
133
136
139
143
146
149
153
156
160
164
168
172
176
180
184
188
192
196
200
204
208
212
216
220
224
228
232
236
240
245
249
254
258
263
268
273
278
283
288
293
298
303
308
313
318
323
328
332
337
341
346
350
355
359
364
369
374
379
384
389
395
400
406
412
418
424
431
438
446
455
465
476
488
501
518
530
541
551
560
569
577
584
591
598
605
613
621
630
644
-1
1
7
12
16
21
23
27
31
32
36
39
41
44
47
49
52
54
57
59
62
64
67
69
72
74
77
79
82
85
87
90
93
95
98
101
104
107
109
113
115
119
122
125
128
132
135
139
143
147
151
156
160
165
169
174
179
184
189
194
199
205
210
216
222
228
235
242
249
257
265
273
281
289
296
303
310
317
323
330
337
344
351
358
365
373
381
389
398
408
419
568
579
588
596
604
613
623
634
-1
2
11
17
22
27
31
35
39
42
46
49
52
55
58
61
64
67
70
73
76
79
82
85
88
92
95
99
103
107
111
115
119
124
129
135
141
147
154
161
169
177
186
195
204
214
225
237
300
312
324
335
346
357
368
379
391
590
601
612
-1
9
19
27
34
40
46
52
57
62
67
72
77
82
87
93
99
105
112
119
127
136
146
157
169
-1
8
18
26
33
39
45
51
56
62
67
73
78
84
90
97
104
112
120
129
139
-1
11
21
30
39
47
55
62
69
76
83
91
99
107
116
126
137
-1
13
24
34
44
54
63
72
81
91
101
112
-1
11
21
30
39
48
57
66
76
86
96
107
120
-1
13
23
33
42
51
60
69
78
87
97
107
118
129
141
-1
20
31
41
51
61
71
81
91
102
114
-1
92
-1
62
74
86
98
110
122
134
-1
27
37
46
55
64
73
83
93
104
-1
26
36
45
54
63
72
82
93
-1
46
59
72
-1
56
69
-1
60
74
-1
-99
-1
-99
-1
52
64
75
86
98
-1
51
62
73
83
93
104
115
-1
68
79
90
100
110
121
132
143
155
168
-1
78
90
102
114
127
142
-1
37
48
58
68
78
88
98
108
119
130
142
-1
38
49
59
69
78
87
96
105
114
123
132
142
152
162
172
183
194
205
218
-1
30
41
51
61
71
81
90
99
108
117
127
137
147
157
167
177
187
197
207
217
228
239
250
262
-1
19
29
38
46
54
61
68
75
82
89
96
103
110
117
125
133
141
149
157
166
175
184
193
202
211
221
231
241
251
262
273
285
-1
12
21
29
35
41
46
51
56
61
65
70
74
79
83
88
92
97
101
106
111
116
121
126
131
136
141
146
152
157
163
169
175
181
187
194
201
208
215
222
230
238
246
255
264
274
285
297
-1
9
18
24
30
33
38
41
45
48
52
54
58
61
63
67
69
72
75
77
80
83
85
88
91
93
96
99
101
104
107
109
112
115
117
120
123
126
128
132
134
137
140
143
146
149
152
155
158
161
165
168
171
175
178
182
185
189
193
196
200
204
208
212
216
220
225
229
234
239
244
249
255
260
266
272
279
286
294
302
310
318
327
336
345
354
363
372
381
391
401
411
422
-1
8
16
22
27
32
35
40
42
46
49
52
54
57
60
62
64
67
69
71
73
75
77
79
81
83
85
87
89
91
93
94
97
98
100
102
104
106
107
109
111
113
114
116
118
120
121
123
125
127
128
130
132
134
135
137
139
141
143
144
146
148
150
152
153
156
157
159
161
163
165
167
169
171
173
175
177
179
181
183
185
187
189
191
194
195
198
200
202
205
207
209
212
214
216
219
221
224
226
229
231
234
237
239
242
245
248
251
254
257
260
264
267
270
274
277
281
285
289
294
298
303
308
313
318
324
330
336
342
348
355
362
369
376
384
392
401
410
420
431
-1
8
16
23
29
35
41
46
51
56
60
64
68
71
74
77
81
82
86
88
91
93
95
98
100
102
104
106
109
110
112
114
116
118
120
122
123
126
127
129
131
133
134
136
138
140
141
143
145
147
148
150
152
153
155
157
159
160
162
164
165
167
169
170
172
174
175
177
179
180
182
184
186
187
189
191
193
194
196
198
200
201
204
205
207
209
211
213
215
217
219
221
223
225
227
229
231
234
235
238
240
242
245
247
249
252
255
257
260
263
265
268
271
274
277
280
284
287
291
295
298
303
307
311
316
321
326
332
338
344
351
358
366
374
383
393
404
-1
8
17
24
31
37
44
51
58
65
72
79
86
93
100
107
114
121
128
135
142
149
156
163
169
175
181
187
193
199
205
211
217
223
229
235
241
248
255
262
269
276
284
292
300
308
317
326
335
345
355
366
378
-1
8
16
22
28
33
38
43
48
53
58
63
68
73
78
84
90
96
102
109
116
123
130
138
146
154
162
171
180
189
198
207
216
225
234
243
251
259
267
275
283
291
299
306
313
320
327
334
341
348
355
363
371
379
387
395
404
413
423
434
-1
9
17
23
28
32
36
40
43
47
50
53
57
60
63
66
69
73
75
79
82
85
89
92
96
99
103
106
110
113
117
121
124
128
132
136
140
144
148
152
156
160
164
168
172
176
181
185
190
194
199
203
208
212
217
221
226
230
235
239
243
248
252
256
260
264
268
272
276
280
284
288
292
296
300
304
308
312
316
320
324
328
332
336
340
344
348
352
356
360
364
368
372
376
380
385
389
394
398
403
408
413
418
423
429
435
441
448
456
465
476
-1
13
21
28
32
37
41
44
48
51
53
57
59
62
65
67
70
72
75
77
80
82
85
87
90
92
94
97
99
101
104
106
108
111
113
115
118
120
122
125
127
129
132
134
136
139
141
143
146
148
150
153
155
157
160
162
164
167
169
171
174
176
178
181
183
185
188
190
192
195
197
199
202
204
206
209
211
213
216
218
220
223
225
227
230
232
234
237
239
241
244
246
248
251
253
255
258
260
262
265
267
269
271
274
276
278
280
283
285
287
289
292
293
296
298
300
302
305
306
309
311
313
315
318
319
322
324
326
328
331
333
335
337
340
342
344
347
349
351
354
356
359
361
364
366
369
372
375
377
380
384
386
390
393
396
400
403
407
410
414
418
422
426
431
435
440
445
450
456
462
469
477
487
-1
20
30
38
45
51
57
62
67
71
75
80
83
87
91
94
98
101
104
107
110
113
116
119
122
124
128
130
133
136
138
141
143
146
149
151
153
156
158
161
163
165
168
170
172
175
177
179
182
184
186
188
191
192
195
197
199
201
203
205
207
209
211
213
215
217
219
221
223
225
227
229
231
233
235
237
239
241
242
245
246
248
250
252
254
255
257
259
261
262
264
266
268
269
271
273
275
276
278
280
282
283
285
287
289
290
292
294
296
297
299
301
303
304
306
308
310
311
313
315
317
319
320
323
324
326
328
330
332
334
336
338
340
343
345
347
349
352
355
357
360
363
366
369
372
376
379
383
387
391
396
401
406
412
418
425
432
439
447
455
464
474
-1
68
80
91
102
112
122
131
140
149
157
165
172
179
186
192
198
204
210
215
221
226
231
236
241
245
250
254
259
263
268
272
276
281
285
290
294
299
304
309
314
320
326
332
339
347
356
366
377
-1
29
40
50
60
70
80
91
102
113
125
137
150
337
349
360
371
381
391
401
411
421
431
443
-1
20
29
37
44
51
57
63
69
75
81
87
93
99
105
111
117
123
129
135
141
147
154
160
167
174
181
188
195
202
209
216
223
230
237
244
251
258
265
272
279
286
293
300
307
314
321
328
335
342
348
354
360
366
372
378
383
389
394
399
404
409
414
419
425
430
436
442
448
455
463
472
484
-1
22
31
39
45
51
55
60
64
69
73
77
81
85
89
93
96
100
103
107
110
114
117
121
124
128
131
135
138
142
145
149
152
156
159
163
166
170
173
177
180
184
187
191
194
198
201
205
208
212
215
219
223
226
230
234
237
241
245
248
252
256
259
263
267
271
275
279
283
287
291
295
299
303
307
311
314
318
322
325
329
333
336
340
343
347
350
354
357
361
364
368
371
374
378
381
384
388
391
394
397
400
403
406
409
412
415
418
421
425
427
431
434
437
441
444
448
452
456
460
465
470
476
482
489
498
-1
38
48
57
64
71
77
83
88
93
98
102
107
111
115
119
123
127
130
134
137
141
144
148
151
154
158
161
164
167
171
173
177
180
183
186
189
192
195
198
201
204
207
210
213
216
219
222
224
228
230
233
236
239
241
244
247
250
252
255
258
261
263
266
269
272
274
277
280
283
285
289
291
294
297
300
303
306
309
312
315
318
321
324
327
330
333
336
339
343
346
349
353
356
360
363
367
370
374
377
381
385
388
392
396
400
404
408
412
416
420
424
428
432
437
441
446
451
456
461
467
473
480
488
498
-1
96
108
119
129
139
148
157
165
173
181
189
196
203
210
217
224
230
236
242
248
254
260
266
272
278
285
292
299
306
314
322
330
339
348
358
369
381
-1
32
44
55
67
79
92
-1
18
27
35
42
49
56
62
69
75
81
87
94
100
107
114
121
128
135
142
150
158
166
174
182
190
199
208
217
226
235
244
254
264
274
284
294
303
312
321
330
339
347
355
363
371
378
385
392
399
406
413
420
427
434
441
448
455
463
472
483
-1
17
24
31
36
41
45
50
53
58
61
65
69
72
76
79
83
86
90
93
97
100
104
107
111
114
118
121
125
128
132
135
139
142
146
149
153
157
160
164
168
172
176
180
184
188
192
196
200
204
208
213
217
222
226
231
235
240
244
249
253
258
262
267
271
276
280
285
289
294
298
303
307
312
316
321
325
330
334
338
342
346
350
354
358
362
366
370
373
377
381
384
388
391
395
398
402
405
409
412
416
419
423
426
430
433
437
440
444
447
451
454
458
462
466
470
475
480
486
492
499
507
517
-1
18
26
32
37
42
45
50
53
57
60
63
66
69
72
75
78
81
83
86
89
91
94
96
99
101
104
106
109
111
114
116
119
121
124
126
129
131
134
136
139
141
144
146
149
151
154
156
159
161
164
166
169
171
174
176
179
181
184
186
189
191
194
196
199
201
204
207
209
212
215
217
220
223
225
228
231
233
236
239
241
244
247
249
252
255
258
260
263
266
269
271
274
277
280
282
286
288
291
294
297
299
303
305
308
311
314
316
319
322
325
327
330
333
335
338
341
343
346
349
351
354
357
359
362
365
367
370
372
375
377
380
382
385
387
390
392
395
397
400
402
405
407
410
412
415
417
420
422
425
427
430
432
435
437
440
442
445
447
450
452
455
457
460
463
465
468
471
474
477
480
484
487
491
495
499
505
510
516
523
532
-1
27
36
44
51
57
63
68
73
78
82
87
91
95
99
103
107
111
114
118
122
125
129
132
136
139
143
146
150
153
157
160
164
167
171
174
178
181
185
188
192
195
199
202
206
209
213
216
220
223
227
230
234
237
241
244
248
251
255
258
262
265
269
272
276
279
283
286
290
293
297
301
304
308
312
315
319
323
327
330
334
338
342
346
350
354
358
362
366
370
374
378
382
386
390
394
398
402
406
410
414
418
422
426
430
434
438
442
446
450
454
458
462
466
470
475
479
484
489
495
501
508
516
526
-1
-99
-1
-99
-1
