-1
161
177
193
212
237
254
436
447
456
466
477
490
500
512
526
-1
31
56
67
76
85
94
103
111
117
125
134
142
151
159
167
175
183
190
197
204
212
220
227
234
242
250
257
264
270
277
284
290
298
305
312
319
327
335
342
350
359
370
385
-1
35
417
425
433
443
453
463
473
482
489
496
504
511
519
527
534
541
547
554
560
566
572
578
584
589
595
601
607
614
621
629
639
653
-1
40
54
68
81
93
113
-1
509
522
537
550
564
579
595
611
628
-1
14
25
37
49
66
-1
-99
-1
-99
-1
26
36
45
51
58
65
71
76
82
87
92
96
101
106
111
116
121
126
131
136
141
146
151
157
162
168
174
179
185
191
196
201
206
212
217
222
227
232
237
242
247
252
257
262
267
272
277
282
287
292
297
302
307
312
317
322
328
333
339
345
351
358
365
372
379
387
397
408
422
-1
7
13
19
25
30
35
40
45
50
55
60
65
70
75
80
85
89
94
98
102
107
111
116
120
124
128
132
136
140
144
148
152
156
160
164
169
173
177
181
185
189
193
197
201
205
209
213
217
222
226
231
236
241
245
250
255
260
264
268
273
278
283
287
292
296
301
306
311
316
320
325
330
335
339
343
347
351
355
359
363
367
371
375
379
383
387
392
396
401
406
411
415
420
425
430
435
440
445
450
455
460
465
470
476
481
487
493
498
503
508
514
520
526
532
538
544
550
556
562
569
574
580
586
593
601
609
617
628
641
-1
10
18
24
30
35
39
44
49
54
59
64
69
73
78
82
87
92
96
101
106
110
115
119
123
128
132
136
140
144
148
152
156
160
164
168
172
176
180
184
188
192
196
200
204
208
212
216
220
224
228
232
236
240
244
249
253
257
261
265
269
273
277
281
285
289
293
297
301
305
309
313
318
322
327
331
336
340
344
348
353
357
362
366
370
374
378
382
386
390
395
400
404
409
414
419
424
429
434
439
444
449
454
459
465
471
477
483
488
494
499
505
510
516
521
527
532
538
543
549
554
559
564
569
574
580
585
592
600
611
625
640
-1
22
36
61
96
111
123
136
149
162
176
192
-1
443
454
464
476
490
649
-1
206
243
-1
-99
-1
467
479
491
502
513
523
533
544
554
564
576
589
613
-1
-99
-1
478
494
507
519
530
540
549
558
568
579
594
-1
9
20
32
44
56
69
80
89
96
104
112
118
125
132
138
145
151
156
162
168
174
180
186
192
198
203
209
215
221
226
232
238
244
250
256
262
268
273
278
283
288
293
298
303
308
313
318
323
328
333
338
343
347
351
355
360
364
368
372
376
380
385
389
394
398
403
408
413
418
423
428
433
439
444
449
454
460
465
471
476
482
488
494
500
506
512
519
526
533
539
546
553
559
564
570
576
581
587
593
599
605
611
617
624
631
639
650
-1
187
216
238
257
-1
191
207
224
239
253
266
280
296
363
378
390
403
414
424
435
446
457
469
482
495
509
535
550
566
584
625
-1
15
25
35
44
54
63
72
81
89
98
109
122
138
167
462
480
498
515
533
552
-1
13
20
25
30
36
41
47
52
57
62
67
72
77
82
87
92
97
102
106
111
115
120
124
128
132
136
141
145
149
153
157
161
165
170
174
178
182
186
190
195
200
204
208
213
217
222
226
231
236
241
245
250
255
260
265
270
275
279
284
288
292
297
302
307
312
317
321
326
331
335
339
344
348
352
356
360
364
368
372
376
381
386
391
395
399
404
409
414
419
424
429
435
441
447
453
460
467
473
479
485
492
498
504
510
516
522
528
535
541
548
555
562
569
576
583
590
597
604
612
621
636
-1
-99
-1
-99
-1
18
32
43
52
60
66
72
78
85
90
96
102
108
115
122
129
137
147
158
173
-1
-99
-1
23
31
38
46
53
60
66
72
78
85
90
97
103
109
115
121
127
132
138
143
148
154
160
165
171
177
183
189
194
199
204
209
214
219
225
230
235
240
245
250
255
260
265
270
276
281
286
291
296
301
306
311
316
321
326
331
336
341
346
351
356
362
368
373
379
385
390
396
402
407
413
419
425
431
436
441
447
453
459
465
471
477
483
490
498
507
518
-1
13
21
28
36
44
53
59
68
76
85
94
102
110
118
128
141
152
162
174
188
209
383
395
405
414
423
431
439
448
459
470
481
490
499
508
518
528
542
560
574
588
603
616
635
-1
84
96
287
312
333
-1
48
67
78
86
96
106
115
125
135
146
157
167
178
190
202
214
228
241
255
273
299
-1
23
33
41
49
58
68
79
88
97
108
120
132
147
170
186
200
211
221
230
238
246
253
260
267
274
280
287
294
301
307
313
319
325
331
337
343
349
355
361
366
372
378
383
388
394
400
406
412
417
422
428
434
440
446
451
457
463
468
474
480
486
492
499
506
514
523
531
540
550
560
571
584
597
611
629
-1
29
37
43
49
55
61
66
71
76
82
88
93
98
104
110
115
120
126
132
137
143
150
156
161
168
175
181
187
194
200
206
212
218
224
230
236
242
248
254
259
265
271
276
282
287
292
297
303
309
314
319
324
330
335
341
346
351
356
361
366
371
376
381
386
391
396
401
406
411
416
421
427
433
439
445
451
459
468
478
631
-1
-99
-1
31
40
47
53
59
65
71
77
83
88
94
100
106
111
118
125
132
139
146
153
161
168
175
181
187
193
199
205
211
216
222
228
234
240
245
251
257
263
268
274
280
285
291
297
302
307
312
317
322
327
332
337
342
347
353
358
364
369
375
381
387
393
399
406
413
420
429
439
451
465
-1
-99
-1
-99
-1
56
65
73
80
88
98
106
112
120
128
136
145
159
177
199
-1
285
302
315
328
340
351
362
373
383
390
397
404
411
419
427
435
443
451
459
467
475
483
491
499
507
515
522
529
537
545
552
559
566
573
580
587
595
602
610
619
629
641
-1
267
281
293
308
322
339
-1
541
550
559
568
579
595
-1
-99
-1
7
12
17
22
26
30
34
38
42
45
48
51
54
57
60
63
66
69
72
75
78
81
84
87
90
93
96
99
102
105
108
111
114
117
120
123
126
129
132
135
138
141
144
147
150
153
156
159
162
165
168
171
174
177
180
183
186
189
192
195
198
201
204
207
210
213
216
219
222
225
228
231
234
237
240
243
246
249
252
255
258
261
264
267
270
273
277
281
285
289
293
297
301
305
309
313
317
321
325
329
333
337
341
345
349
353
357
361
365
369
373
377
381
385
389
393
397
401
405
409
413
417
421
425
429
433
437
441
446
450
455
460
465
470
475
480
486
492
498
504
510
516
522
528
534
540
546
552
558
564
571
578
585
592
600
608
617
626
636
650
-1
22
29
34
39
44
49
54
58
63
67
71
75
80
84
88
92
96
100
104
108
112
116
120
124
129
134
138
143
148
153
158
163
168
173
178
183
189
194
200
205
211
216
222
228
233
238
243
249
254
259
265
270
275
281
287
292
298
304
310
316
322
328
334
340
346
352
358
364
370
376
382
388
395
402
409
416
423
431
439
448
457
467
478
490
503
516
528
545
562
577
597
-1
562
578
593
608
621
639
658
-1
6
14
20
25
30
35
40
45
50
55
59
64
68
72
77
81
86
90
95
99
104
108
112
116
120
124
129
133
137
142
146
151
155
159
164
168
173
177
182
186
191
196
201
205
210
214
218
222
226
231
236
240
244
249
253
257
261
265
269
274
278
283
287
291
295
299
303
307
311
315
319
323
327
331
335
339
343
347
351
356
360
364
368
372
376
380
384
388
392
396
400
404
408
412
416
420
424
428
432
436
440
444
448
453
457
461
466
470
475
480
485
490
495
500
505
511
518
525
532
540
549
559
570
581
592
602
612
622
637
-1
72
82
90
98
106
115
124
133
141
149
158
167
177
187
197
207
219
232
248
265
281
297
317
348
-1
100
112
120
128
135
142
149
156
162
168
174
180
185
190
195
200
205
210
215
220
225
230
235
240
245
250
255
260
265
270
275
280
285
290
295
300
306
311
316
321
326
331
336
342
348
354
360
367
373
379
386
391
398
405
411
418
425
432
439
445
452
459
465
472
479
486
492
499
506
513
521
529
537
544
551
558
565
572
579
587
596
607
624
638
-1
76
90
103
122
137
162
-1
-99
-1
50
62
74
92
212
225
237
246
255
264
272
278
284
290
296
302
308
314
320
326
332
338
343
349
355
360
366
371
376
381
387
392
398
403
409
415
420
426
432
438
444
450
457
463
470
478
487
496
504
514
525
536
547
557
567
576
585
597
612
631
645
-1
12
23
32
39
46
55
63
70
77
83
91
98
104
112
119
126
133
139
146
152
158
164
170
177
184
191
199
208
218
229
240
252
267
294
330
350
363
374
385
394
403
412
421
430
439
452
467
482
493
502
511
519
527
536
545
554
562
570
578
586
594
602
611
621
633
648
-1
34
45
56
67
77
85
92
99
105
111
117
122
128
133
138
143
148
153
158
163
168
173
178
183
188
193
198
203
208
214
219
225
230
236
241
247
253
259
266
272
279
287
295
302
311
321
331
341
351
363
375
386
395
405
414
423
431
439
450
464
477
487
497
511
539
-1
18
24
30
35
40
45
50
54
59
63
67
71
75
80
84
88
92
96
100
104
108
112
116
120
124
128
132
136
140
144
148
153
157
162
166
170
174
178
183
188
193
198
202
206
210
215
220
225
230
235
240
245
250
255
260
265
270
275
280
285
290
295
300
304
309
314
318
323
327
332
336
340
345
349
354
359
364
368
373
378
383
388
393
397
402
407
413
419
425
431
437
443
450
457
464
471
478
484
491
499
508
516
525
539
551
563
572
580
588
596
604
614
628
-1
34
46
61
72
82
92
101
111
120
129
138
149
-1
14
22
30
37
44
51
57
63
68
74
80
86
93
98
105
112
120
127
135
142
150
157
164
171
179
187
194
201
208
216
223
229
236
243
251
259
267
274
282
290
297
303
309
315
321
327
333
338
344
349
354
360
366
371
376
382
388
393
398
403
408
414
419
425
431
437
442
448
453
458
464
470
476
482
488
495
502
509
517
525
534
545
562
581
595
607
622
649
-1
18
50
177
193
207
219
228
237
245
254
264
273
281
290
297
306
315
325
336
347
360
380
-1
-99
-1
10
20
27
33
39
45
51
57
63
69
74
80
86
92
97
102
107
112
117
122
127
132
137
142
146
150
154
158
162
166
170
174
178
182
187
192
196
201
206
211
216
221
226
231
236
241
246
251
257
263
269
275
281
287
294
301
308
315
322
329
336
342
348
354
360
366
372
377
382
388
393
398
403
408
413
418
423
428
433
439
444
449
454
460
466
472
477
482
487
493
498
503
508
513
518
524
529
534
539
544
549
554
559
564
569
574
580
586
592
599
606
613
620
628
636
647
-1
31
38
45
51
56
61
66
71
76
81
85
90
94
99
104
109
114
119
124
129
134
139
143
147
151
155
159
163
167
171
175
179
183
187
191
195
199
203
207
211
215
219
223
227
231
235
239
243
247
251
255
259
263
267
271
275
279
283
287
291
295
299
303
307
311
315
319
323
327
331
335
339
343
347
351
356
361
365
370
375
380
385
390
395
400
405
411
417
423
428
434
441
448
455
462
469
477
486
500
519
536
555
-1
53
62
70
78
85
91
97
103
109
115
121
126
131
136
142
148
153
158
163
168
173
178
183
188
193
198
203
208
213
218
223
228
233
238
243
249
254
260
266
272
278
283
288
294
300
305
310
315
320
325
330
336
342
347
352
357
363
368
373
378
384
389
395
401
406
411
416
422
428
434
440
446
452
459
465
471
479
486
493
500
509
518
529
548
577
613
-1
565
577
590
605
-1
-99
-1
90
101
115
129
-1
-99
-1
-99
-1
14
29
42
51
59
65
72
78
85
92
100
108
116
125
134
142
153
170
190
207
223
235
247
263
278
290
301
310
319
328
337
346
354
362
371
382
392
403
418
433
448
468
607
621
645
-1
557
570
-1
193
212
228
245
258
270
284
296
309
319
329
339
349
360
372
385
398
413
429
449
622
-1
472
496
-1
14
24
35
49
69
388
407
419
432
443
453
464
478
492
505
523
535
546
556
566
576
586
596
607
617
629
641
-1
29
50
-1
-99
-1
19
31
42
52
63
73
81
91
102
110
117
124
131
138
145
152
159
166
173
180
187
194
201
209
217
224
232
240
247
255
263
271
281
292
305
318
330
343
355
373
389
412
430
454
476
494
510
520
530
541
552
564
577
597
-1
13
19
24
29
34
39
44
48
52
56
60
64
68
72
76
80
84
88
92
96
100
104
108
112
116
120
124
128
132
136
140
144
148
152
156
160
164
168
172
176
180
184
188
192
196
200
204
208
212
216
220
224
228
232
236
240
244
248
252
256
260
264
268
272
276
280
284
288
292
296
300
304
308
312
316
320
324
328
332
336
340
344
348
352
356
360
364
368
373
377
381
385
389
394
398
402
406
410
415
420
425
430
435
440
445
450
456
462
468
474
480
486
491
498
505
513
520
527
534
540
546
552
558
564
570
577
584
590
597
603
610
618
627
636
651
-1
13
24
33
41
48
55
61
68
75
81
88
95
102
109
116
123
130
137
144
151
158
165
172
179
186
193
200
207
214
222
230
238
247
256
266
276
286
296
306
316
326
336
344
352
360
368
376
384
392
401
412
425
438
452
467
482
500
512
524
537
553
571
584
597
617
-1
345
360
375
389
408
442
462
480
494
507
520
532
542
551
559
566
573
580
587
594
602
610
620
633
651
-1
18
29
40
51
61
70
78
87
95
103
110
117
123
129
135
141
147
153
158
163
168
173
178
183
188
193
198
203
208
213
218
223
228
233
238
243
248
253
258
263
268
273
278
283
288
293
298
303
308
313
318
323
328
333
338
343
348
353
358
363
369
374
380
385
390
395
400
406
412
418
424
430
436
442
448
454
460
466
472
477
483
490
496
503
509
515
522
528
536
545
554
564
576
589
600
613
-1
-99
-1
-99
-1
16
30
41
52
64
82
99
114
130
586
602
622
651
-1
-99
-1
100
107
115
122
128
134
140
145
151
157
163
168
174
179
184
189
195
201
206
211
217
223
229
234
239
245
250
256
262
267
273
279
286
293
300
308
317
328
341
368
465
492
-1
224
237
251
264
284
422
454
-1
192
207
223
238
251
265
283
313
474
489
500
511
521
530
539
547
556
565
574
584
596
610
624
641
-1
-99
-1
13
19
25
31
36
41
45
50
54
58
62
66
70
74
78
82
86
90
94
98
102
106
110
114
118
122
126
130
134
138
142
146
150
154
158
162
166
170
175
179
184
189
193
198
202
207
212
217
222
227
232
237
242
247
252
257
262
268
273
278
283
289
294
299
304
309
314
319
324
329
334
339
344
349
354
359
364
369
374
379
384
389
394
400
406
412
419
425
432
439
447
457
470
489
-1
15
29
44
57
73
94
557
567
576
585
595
606
618
628
638
-1
-99
-1
29
47
66
-1
-99
-1
17
30
42
53
68
83
97
110
120
129
136
145
153
160
167
175
184
195
207
220
246
529
541
550
558
566
573
580
587
595
604
613
624
641
-1
402
414
426
437
448
459
471
482
493
-1
6
13
19
24
29
34
39
44
48
52
56
60
64
68
72
76
80
84
88
92
96
100
104
108
112
116
120
124
128
132
136
140
144
148
152
156
160
164
168
172
176
180
184
188
192
196
200
204
208
212
216
220
224
228
232
236
240
244
248
252
256
260
264
268
272
276
280
284
288
292
296
300
304
308
312
316
320
324
328
332
336
340
344
348
352
356
360
364
368
372
376
380
384
388
392
396
400
404
408
412
416
420
424
428
433
437
441
445
449
453
457
461
466
470
475
480
485
490
495
500
505
510
515
520
526
532
538
543
549
555
562
569
575
581
588
595
601
608
616
625
635
647
-1
19
26
33
39
45
50
55
61
66
71
76
81
86
91
96
101
106
111
117
122
127
132
137
143
149
155
160
165
170
176
182
187
193
198
204
209
215
220
226
232
238
243
249
256
262
268
274
279
285
291
297
302
308
314
320
326
331
337
345
351
358
365
371
378
385
392
398
405
412
419
427
435
443
452
460
469
477
486
497
613
-1
182
199
214
231
246
257
267
277
288
299
315
331
345
362
376
389
400
409
417
424
432
439
445
451
457
463
469
477
485
492
500
510
522
535
549
563
582
-1
-99
-1
262
275
285
295
306
320
335
353
367
383
398
410
423
438
451
464
484
505
539
552
565
578
592
607
620
637
649
-1
-99
-1
7
14
20
25
30
35
40
44
48
52
56
60
64
68
72
76
80
84
88
92
96
100
104
108
112
116
120
124
128
132
136
140
144
148
152
156
160
164
168
172
176
180
184
188
192
196
200
204
208
212
216
220
224
228
232
236
240
244
248
252
256
260
264
268
272
276
280
284
288
292
296
300
304
308
312
316
320
324
328
332
336
340
344
348
352
356
360
364
368
372
376
380
384
388
392
396
400
404
408
412
416
420
424
428
432
436
440
444
448
452
456
460
464
468
472
477
482
487
492
497
502
507
512
517
522
528
534
539
544
550
556
561
566
572
578
584
590
596
602
608
615
623
633
649
-1
12
19
25
31
37
43
49
55
61
66
71
76
81
87
93
100
106
112
118
124
130
136
142
149
156
163
170
177
184
192
200
208
216
225
233
242
252
262
272
282
292
301
309
316
325
333
340
348
356
363
370
378
385
393
401
412
428
446
468
486
500
510
519
528
537
545
553
561
569
577
586
594
603
613
625
-1
-99
-1
-99
-1
9
18
28
40
566
578
588
598
611
634
654
-1
-99
-1
33
50
75
-1
-99
-1
55
67
75
83
90
96
102
108
114
120
126
132
138
144
150
156
162
168
173
178
184
190
195
200
206
212
218
224
230
236
242
248
254
260
266
272
279
285
292
299
306
313
320
328
336
345
354
364
376
396
-1
-99
-1
21
31
39
46
52
60
67
73
79
84
90
96
102
108
114
119
124
129
134
139
144
149
154
159
164
169
174
179
184
189
194
199
204
209
214
219
224
229
234
239
244
249
254
259
264
269
274
279
284
289
294
299
304
309
314
319
324
329
334
339
344
349
354
359
364
369
374
379
384
389
394
399
404
409
414
419
424
429
434
439
444
449
454
459
464
470
476
481
487
493
499
506
514
521
529
537
545
553
560
568
576
584
592
600
609
618
629
642
-1
94
105
116
127
139
160
-1
92
116
147
-1
19
26
33
38
43
48
53
58
62
66
70
74
78
82
86
90
94
98
102
106
110
115
119
123
127
132
136
141
145
149
154
159
163
168
173
178
183
188
193
198
203
208
213
218
223
228
234
240
246
252
258
264
270
276
282
288
294
300
306
313
319
325
331
337
343
349
355
361
367
373
379
386
392
398
403
409
414
420
426
432
438
444
450
457
464
471
478
485
492
502
514
525
536
551
569
594
624
-1
18
27
34
40
46
51
56
61
66
71
76
81
86
91
97
102
107
112
117
122
127
132
137
142
147
152
158
163
169
174
180
187
194
201
208
215
222
229
235
242
249
256
262
269
276
284
291
298
306
313
321
328
336
344
352
363
377
398
427
532
-1
11
19
25
30
35
40
45
49
53
57
61
65
69
73
77
81
85
89
93
97
101
105
109
113
117
121
125
129
133
137
142
146
151
155
160
164
169
173
178
183
188
193
198
203
208
213
218
223
228
233
239
245
251
257
263
269
275
281
287
293
299
305
311
317
322
328
334
339
345
350
356
362
367
373
378
384
390
396
402
408
414
420
426
432
439
446
453
460
468
477
486
501
515
531
547
564
577
588
598
610
625
643
-1
11
20
31
45
57
71
84
97
109
123
154
347
557
564
571
578
585
592
599
606
614
623
634
649
-1
17
26
33
40
46
52
58
64
70
75
80
85
91
96
102
107
112
117
123
128
133
139
144
149
154
159
164
169
174
180
186
191
197
203
208
214
219
225
230
236
241
246
251
256
261
266
271
276
281
285
290
294
299
304
308
313
317
321
325
329
333
337
341
345
349
353
357
361
365
369
373
377
381
385
389
393
397
402
406
411
415
420
425
430
435
440
445
451
457
464
471
478
485
492
499
506
514
521
528
536
543
549
555
561
566
571
576
581
586
591
596
602
608
614
620
627
634
644
657
-1
14
25
34
41
49
57
65
72
80
88
96
104
112
121
130
141
152
166
179
189
199
208
217
226
234
243
252
260
267
275
282
289
296
303
310
317
323
330
337
344
351
359
367
375
383
393
405
417
433
457
492
507
520
529
538
547
556
564
574
584
598
635
-1
28
37
45
52
58
64
70
76
82
87
92
98
103
108
113
118
123
128
133
138
143
148
153
159
164
170
176
182
188
194
200
206
212
218
224
231
237
243
249
256
262
269
276
284
292
300
307
315
323
331
338
346
354
362
370
377
384
391
398
404
411
418
424
431
439
446
454
462
470
478
486
497
511
534
-1
267
353
376
390
402
412
422
431
440
449
458
467
476
485
495
504
513
523
533
544
557
570
583
601
629
-1
-99
-1
-99
-1
12
26
45
531
541
551
561
571
582
594
-1
-99
-1
-99
-1
38
54
69
81
90
99
107
114
121
129
137
144
150
156
162
168
174
180
186
192
199
205
211
217
224
230
237
243
249
256
264
271
279
288
298
310
327
345
365
386
433
451
472
510
530
-1
25
34
40
46
52
58
63
68
72
76
80
84
88
92
96
100
104
108
112
116
120
124
128
132
136
140
144
148
152
156
160
164
168
172
176
180
184
188
192
196
200
204
208
212
216
220
224
228
232
236
240
244
248
252
256
260
264
268
272
276
280
284
288
292
296
300
304
308
312
316
320
324
328
332
336
340
344
349
353
357
361
365
370
375
380
385
390
395
400
405
411
417
423
429
435
441
448
455
461
468
476
484
495
509
-1
331
351
371
397
-1
50
59
67
75
82
89
96
102
109
117
124
132
140
148
157
166
175
183
191
199
207
215
223
231
239
247
254
262
270
278
287
296
305
315
326
336
347
358
371
385
403
419
435
451
472
-1
12
21
28
34
41
47
53
59
65
72
78
85
93
100
106
113
121
130
139
149
158
168
178
189
200
212
224
237
251
265
290
312
325
336
346
354
363
373
384
395
407
426
447
495
511
522
532
540
547
554
561
568
575
583
591
598
607
619
-1
65
82
116
146
208
322
339
355
372
390
405
422
444
475
503
523
541
556
569
581
592
603
615
629
642
-1
17
27
34
41
47
54
61
69
75
82
89
95
102
108
114
119
124
129
134
139
144
149
154
159
164
169
174
179
184
189
194
199
204
208
213
218
224
229
235
240
246
251
256
262
268
273
279
285
292
298
304
310
317
325
332
340
347
354
360
366
372
378
384
391
398
405
412
421
430
440
449
458
467
476
484
491
498
504
511
518
526
534
541
549
557
564
572
580
588
598
611
625
-1
-99
-1
-99
-1
66
89
100
108
116
122
129
136
141
148
154
160
165
171
176
181
186
191
196
201
206
211
216
221
226
231
236
241
246
251
256
261
266
271
277
282
287
293
299
304
309
315
321
326
331
336
341
347
352
357
362
367
372
377
382
388
394
400
406
413
419
426
433
439
445
451
457
463
469
476
483
490
497
504
511
518
526
534
544
555
568
587
-1
